       0       0     124
       0       2     130
       0       4     137
       0       6     143
       0       8     149
       0      10     155
       0      12     162
       0      13     168
       0      15     174
       0      17     181
       0      19     187
       0      22     193
       0      25     197
       0      28     202
       0      32     206
       0      35     211
       0      39     215
       0      42     220
       0      48     224
       0      53     227
       0      57     231
       0      62     234
       0      67     237
       0      73     241
       0      78     243
       0      82     245
       0      86     248
       0      90     250
       0      94     252
       0      99     255
       0     103     255
       0     107     255
       0     110     255
       0     113     255
       0     116     255
       0     119     255
       0     122     255
       0     125     255
       0     128     255
       0     131     255
       0     133     255
       0     136     255
       0     139     255
       0     142     255
       0     145     255
       0     148     255
       0     151     255
       0     153     255
       0     156     254
       0     159     252
       0     162     251
       0     164     249
       0     165     247
       0     166     245
       0     168     244
       0     169     242
       0     170     240
       0     171     238
       0     173     237
       0     174     235
       0     175     233
       0     176     232
       0     178     230
       0     179     228
       0     180     226
       0     181     225
       0     183     223
       0     184     221
       0     185     220
       0     186     218
       0     187     216
       0     189     214
       0     190     213
       0     191     211
       0     192     209
       0     194     207
       0     195     206
       0     196     204
       0     197     202
       0     199     201
       0     200     199
       0     201     197
       0     202     195
       0     204     194
       0     205     192
       0     206     190
       0     207     188
       0     209     187
       0     210     185
       0     211     183
       0     212     183
       0     213     182
       0     215     182
       0     216     182
       0     217     181
       0     218     181
       0     220     181
       6     221     181
      17     222     180
      28     223     180
      39     225     179
      50     226     180
      61     227     181
      72     228     182
      83     230     182
      94     231     183
     105     232     183
     117     233     185
     126     234     187
     136     236     189
     146     237     190
     156     238     193
     166     239     196
     171     241     199
     178     242     203
     185     243     206
     192     244     210
     198     246     213
     204     247     216
     209     248     220
     215     249     223
     221     251     227
     227     252     230
     232     253     235
     238     255     240
     244     255     245
     249     255     249
     255     255     255
     255     255     255
     255     255     246
     255     255     238
     255     255     230
     255     255     222
     255     255     214
     255     255     206
     255     255     198
     255     255     191
     255     255     183
     255     255     175
     255     255     167
     255     255     159
     255     255     151
     255     255     143
     255     255     135
     255     255     127
     255     255     119
     255     255     111
     255     255     103
     255     253      95
     255     250      87
     255     248      79
     255     246      71
     255     243      64
     255     241      56
     255     238      48
     255     236      40
     255     234      32
     255     231      24
     255     229      16
     255     227       8
     255     224       0
     255     222       0
     255     220       0
     255     217       0
     255     215       0
     255     213       0
     255     210       0
     255     208       0
     255     205       0
     255     203       0
     255     201       0
     255     198       0
     255     196       0
     255     194       0
     255     191       0
     255     189       0
     255     187       0
     255     184       0
     255     182       0
     255     179       0
     255     177       0
     255     175       0
     255     172       0
     255     170       0
     255     168       0
     255     165       0
     255     163       0
     255     161       0
     255     158       0
     255     156       0
     255     153       0
     255     151       0
     255     149       0
     255     146       0
     255     144       0
     255     142       0
     255     139       0
     255     137       0
     255     135       0
     255     132       0
     255     130       0
     255     128       0
     255     125       0
     255     123       0
     255     120       0
     255     118       0
     255     116       0
     255     113       0
     255     111       0
     255     109       0
     255     106       0
     255     104       0
     255     102       0
     255      99       0
     255      97       0
     255      94       0
     255      92       0
     255      90       0
     255      87       0
     255      85       0
     254      83       0
     253      80       0
     252      78       0
     251      76       0
     250      73       0
     249      71       0
     247      68       0
     244      66       0
     241      64       0
     239      61       0
     237      59       0
     234      57       0
     229      54       0
     224      52       0
     220      50       0
     215      47       0
     211      45       0
     207      43       0
     202      40       0
     198      38       0
     193      35       0
     189      33       0
     184      31       0
     180      28       0
     176      26       0
     171      24       0
     167      21       0
     162      19       0
     158      17       0
     154      14       0
     149      12       0
     145       9       0
     140       7       0
     136       5       0
     132       2       0
     127       0       0
