             o  ,    o  ,                                    IOWA CITY, IA                             Astronomical Applications Dept.
Location: W091 32, N41 40                          Rise and Set for the Sun for 2024                   U. S. Naval Observatory        
                                                                                                       Washington, DC  20392-5420     
                                                      Zone:  6h West of Greenwich                                                     
                                                                                                                                      
                                                                                                                                      
       Jan.       Feb.       Mar.       Apr.       May        June       July       Aug.       Sept.      Oct.       Nov.       Dec.  
Day Rise  Set  Rise  Set  Rise  Set  Rise  Set  Rise  Set  Rise  Set  Rise  Set  Rise  Set  Rise  Set  Rise  Set  Rise  Set  Rise  Set
     h m  h m   h m  h m   h m  h m   h m  h m   h m  h m   h m  h m   h m  h m   h m  h m   h m  h m   h m  h m   h m  h m   h m  h m
01  0733 1646  0718 1721  0640 1757  0548 1832  0502 1905  0434 1935  0436 1944  0501 1923  0533 1838  0604 1747  0639 1700  0714 1636
02  0733 1647  0717 1722  0638 1758  0546 1833  0501 1906  0433 1935  0436 1944  0502 1922  0534 1837  0605 1745  0640 1659  0715 1636
03  0733 1648  0716 1724  0637 1800  0545 1834  0459 1907  0433 1936  0437 1944  0503 1921  0535 1835  0606 1743  0641 1658  0716 1636
04  0733 1649  0715 1725  0635 1801  0543 1835  0458 1908  0433 1937  0438 1944  0504 1920  0536 1833  0607 1742  0643 1656  0717 1636
05  0733 1650  0714 1726  0634 1802  0541 1837  0457 1909  0432 1937  0438 1943  0505 1918  0537 1832  0608 1740  0644 1655  0718 1636
06  0733 1651  0713 1728  0632 1803  0540 1838  0456 1910  0432 1938  0439 1943  0506 1917  0538 1830  0609 1738  0645 1654  0719 1636
07  0733 1652  0712 1729  0630 1804  0538 1839  0455 1911  0432 1939  0439 1943  0507 1916  0539 1828  0610 1737  0646 1653  0720 1636
08  0733 1653  0711 1730  0629 1805  0536 1840  0453 1912  0432 1939  0440 1942  0508 1915  0540 1826  0611 1735  0647 1652  0721 1636
09  0733 1654  0710 1731  0627 1807  0535 1841  0452 1913  0432 1940  0441 1942  0509 1913  0541 1825  0612 1733  0649 1651  0722 1636
10  0733 1655  0708 1733  0625 1808  0533 1842  0451 1914  0431 1940  0442 1941  0510 1912  0542 1823  0613 1732  0650 1650  0723 1636
11  0732 1656  0707 1734  0624 1809  0532 1843  0450 1916  0431 1941  0442 1941  0511 1911  0543 1821  0614 1730  0651 1649  0723 1636
12  0732 1657  0706 1735  0622 1810  0530 1844  0449 1917  0431 1941  0443 1940  0512 1909  0544 1820  0616 1729  0652 1648  0724 1636
13  0732 1658  0705 1737  0620 1811  0528 1845  0448 1918  0431 1942  0444 1940  0513 1908  0545 1818  0617 1727  0654 1647  0725 1636
14  0731 1659  0703 1738  0619 1812  0527 1846  0447 1919  0431 1942  0445 1939  0514 1906  0546 1816  0618 1725  0655 1646  0726 1636
15  0731 1700  0702 1739  0617 1813  0525 1847  0446 1920  0431 1943  0445 1939  0515 1905  0547 1814  0619 1724  0656 1645  0726 1637
16  0730 1701  0701 1740  0615 1815  0524 1849  0445 1921  0431 1943  0446 1938  0516 1903  0548 1813  0620 1722  0657 1644  0727 1637
17  0730 1703  0659 1742  0614 1816  0522 1850  0444 1922  0431 1943  0447 1937  0517 1902  0549 1811  0621 1721  0658 1644  0728 1637
18  0729 1704  0658 1743  0612 1817  0521 1851  0443 1923  0431 1944  0448 1936  0518 1901  0550 1809  0622 1719  0700 1643  0728 1638
19  0729 1705  0656 1744  0610 1818  0519 1852  0442 1923  0432 1944  0449 1936  0519 1859  0551 1807  0623 1718  0701 1642  0729 1638
20  0728 1706  0655 1745  0608 1819  0518 1853  0442 1924  0432 1944  0450 1935  0520 1858  0552 1806  0625 1716  0702 1642  0729 1639
21  0728 1707  0654 1746  0607 1820  0516 1854  0441 1925  0432 1944  0451 1934  0521 1856  0553 1804  0626 1715  0703 1641  0730 1639
22  0727 1709  0652 1748  0605 1821  0515 1855  0440 1926  0432 1944  0452 1933  0522 1854  0554 1802  0627 1713  0704 1640  0730 1640
23  0726 1710  0651 1749  0603 1822  0513 1856  0439 1927  0433 1944  0452 1932  0523 1853  0555 1801  0628 1712  0705 1640  0731 1640
24  0726 1711  0649 1750  0602 1823  0512 1857  0438 1928  0433 1945  0453 1931  0525 1851  0556 1759  0629 1711  0707 1639  0731 1641
25  0725 1712  0648 1751  0600 1824  0510 1858  0438 1929  0433 1945  0454 1931  0526 1850  0557 1757  0630 1709  0708 1639  0732 1641
26  0724 1714  0646 1753  0558 1826  0509 1859  0437 1930  0434 1945  0455 1930  0527 1848  0558 1755  0632 1708  0709 1638  0732 1642
27  0723 1715  0645 1754  0557 1827  0507 1901  0437 1931  0434 1945  0456 1929  0528 1847  0559 1754  0633 1706  0710 1638  0732 1643
28  0722 1716  0643 1755  0555 1828  0506 1902  0436 1932  0434 1945  0457 1928  0529 1845  0600 1752  0634 1705  0711 1637  0733 1644
29  0721 1717  0641 1756  0553 1829  0505 1903  0435 1932  0435 1945  0458 1926  0530 1843  0601 1750  0635 1704  0712 1637  0733 1644
30  0720 1719             0551 1830  0503 1904  0435 1933  0435 1944  0459 1925  0531 1842  0603 1749  0636 1702  0713 1637  0733 1645
31  0719 1720             0550 1831             0434 1934             0500 1924  0532 1840             0638 1701             0733 1646

Add one hour for daylight time, if and when in use.
